{
 "cells": [
  {
   "cell_type": "markdown",
   "metadata": {},
   "source": [
    "Thinking1高德地图中的路径规划原理是怎样的？\n",
    "\n",
    "A：\n",
    "\n",
    "理论上来说路径规划问题都是最短路径问题，那么最基础的算法就是Dijkstra，不过在查找相关资料中发现，还有很多提高路径规划算法效率的方法\n",
    "\n",
    "参考：https://www.zhihu.com/question/24870090/answer/73834896\n"
   ]
  },
  {
   "cell_type": "markdown",
   "metadata": {},
   "source": [
    "Thinking2 football.gml数据集中，美国大学生足球联赛，包括115支球队，被分为12个联盟。为什么使用LPA标签传播进行社区发现，只发现了11个社区？\n",
    "\n",
    "A：\n",
    "\n",
    "根据LPA算法得出的社区数与联盟数并不存在等价的关系。LPA是通过616场比赛得关系进行划分，社区数只与这些比赛有关而与地域无关\n"
   ]
  },
  {
   "cell_type": "markdown",
   "metadata": {},
   "source": [
    "Thinking3微博采用了类似FaceBook的EdgeRank算法，如果你给微博的信息流做设计，你会如何设计？\n",
    "\n",
    "A：\n",
    "\n",
    "信息流设计\n",
    "\n",
    "1、亲密度：博主回复评论、赞评论等来判断粉丝亲密度\n",
    "\n",
    "2、内容质量：粉丝转发、评论微博、赞微博，在微博正文停留的时间来判断文章的内容质量\n",
    "\n",
    "3、原创度：是否是转发，是否有相似博文\n",
    "\n",
    "4、新鲜度：是否具有时效性等\n"
   ]
  },
  {
   "cell_type": "code",
   "execution_count": 3,
   "metadata": {},
   "outputs": [
    {
     "name": "stdout",
     "output_type": "stream",
     "text": [
      "[0.05555556 0.125      0.30555556 0.20833333 0.26388889 0.04166667]\n",
      "[0.06944444 0.14583333 0.32638889 0.05555556 0.38888889 0.01388889]\n",
      "[0.01851852 0.21180556 0.3587963  0.03125    0.36226852 0.01736111]\n",
      "[0.01041667 0.18576389 0.40335648 0.02199074 0.37384259 0.00462963]\n",
      "[0.00733025 0.18952546 0.38001543 0.0072338  0.4132909  0.00260417]\n",
      "[0.00241127 0.20847801 0.39858218 0.00443673 0.38425926 0.00183256]\n",
      "[0.00147891 0.19273245 0.40208655 0.00243538 0.4006639  0.00060282]\n",
      "[8.11792695e-04 2.00701678e-01 3.93876190e-01 9.72543724e-04\n",
      " 4.03268068e-01 3.69727366e-04]\n",
      "[3.24181241e-04 2.01836982e-01 4.02659894e-01 5.72675540e-04\n",
      " 3.94403319e-01 2.02948174e-04]\n",
      "[1.90891847e-04 1.97282705e-01 3.99229534e-01 2.83993484e-04\n",
      " 4.02931831e-01 8.10453104e-05]\n",
      "[9.46644947e-05 2.01513638e-01 3.98843285e-01 1.28768272e-04\n",
      " 3.99371921e-01 4.77229617e-05]\n",
      "[4.29227573e-05 1.99709627e-01 4.01242522e-01 7.13890854e-05\n",
      " 3.98909874e-01 2.36661237e-05]\n",
      "[2.37963618e-05 1.99465667e-01 3.99188360e-01 3.43968130e-05\n",
      " 4.01277049e-01 1.07306893e-05]\n",
      "[1.14656043e-05 2.00644473e-01 4.00115657e-01 1.66797798e-05\n",
      " 3.99205775e-01 5.94909045e-06]\n",
      "[5.55992659e-06 1.99605754e-01 4.00252921e-01 8.81549153e-06\n",
      " 4.00124084e-01 2.86640109e-06]\n",
      "[2.93849718e-06 2.00063432e-01 3.99670734e-01 4.25638273e-06\n",
      " 4.00257249e-01 1.38998165e-06]\n",
      "[1.41879424e-06 2.00129359e-01 4.00193475e-01 2.12460594e-06\n",
      " 3.99672888e-01 7.34624294e-07]\n",
      "[7.08201981e-07 1.99836798e-01 3.99966511e-01 1.08932286e-06\n",
      " 4.00194538e-01 3.54698561e-07]\n",
      "[3.63107618e-07 2.00097446e-01 3.99934431e-01 5.31749056e-07\n",
      " 3.99967051e-01 1.77050495e-07]\n",
      "[1.77249685e-07 1.99983616e-01 4.00081149e-01 2.67827400e-07\n",
      " 3.99934699e-01 9.07769046e-08]\n",
      "[8.92758000e-08 1.99967394e-01 3.99951055e-01 1.35089326e-07\n",
      " 4.00081283e-01 4.43124214e-08]\n",
      "[4.50297753e-08 2.00040664e-01 4.00008080e-01 6.66313714e-08\n",
      " 3.99951122e-01 2.23189500e-08]\n",
      "[2.22104571e-08 1.99975572e-01 4.00016247e-01 3.35763938e-08\n",
      " 4.00008113e-01 1.12574438e-08]\n",
      "[1.11921313e-08 2.00004062e-01 3.99979640e-01 1.68100581e-08\n",
      " 4.00016264e-01 5.55261428e-09]\n",
      "[5.60335270e-09 2.00008135e-01 4.00012200e-01 8.35064710e-09\n",
      " 3.99979649e-01 2.79803282e-09]\n",
      "[2.78354903e-09 1.99989826e-01 3.99997962e-01 4.19887099e-09\n",
      " 4.00012204e-01 1.40083818e-09]\n",
      "[1.39962366e-09 2.00006103e-01 3.99995929e-01 2.09672543e-09\n",
      " 3.99997964e-01 6.95887258e-10]\n",
      "[6.98908478e-10 1.99998982e-01 4.00005085e-01 1.04579317e-09\n",
      " 3.99995930e-01 3.49905916e-10]\n",
      "[3.48597725e-10 1.99997965e-01 3.99996948e-01 5.24633036e-10\n",
      " 4.00005086e-01 1.74727120e-10]\n",
      "[1.74877679e-10 2.00002543e-01 4.00000508e-01 2.61876551e-10\n",
      " 3.99996948e-01 8.71494312e-11]\n",
      "[8.72921836e-11 1.99998474e-01 4.00001017e-01 1.30868851e-10\n",
      " 4.00000509e-01 4.37194196e-11]\n",
      "[4.36229503e-11 2.00000254e-01 3.99998728e-01 6.55424655e-11\n",
      " 4.00001017e-01 2.18230459e-11]\n",
      "[2.18474885e-11 2.00000509e-01 4.00000763e-01 3.27287835e-11\n",
      " 3.99998728e-01 1.09057376e-11]\n",
      "[1.09095945e-11 1.99999364e-01 3.99999873e-01 1.63676097e-11\n",
      " 4.00000763e-01 5.46187213e-12]\n",
      "[5.45586990e-12 2.00000381e-01 3.99999746e-01 8.18927075e-12\n",
      " 3.99999873e-01 2.72739862e-12]\n",
      "[2.72975692e-12 1.99999936e-01 4.00000318e-01 4.09136610e-12\n",
      " 3.99999746e-01 1.36396747e-12]\n",
      "[1.36378870e-12 1.99999873e-01 3.99999809e-01 2.04640670e-12\n",
      " 4.00000318e-01 6.82439229e-13]\n",
      "[6.82135568e-13 2.00000159e-01 4.00000032e-01 1.02338640e-12\n",
      " 3.99999809e-01 3.40947175e-13]\n",
      "[3.41128801e-13 1.99999905e-01 4.00000064e-01 5.11481067e-13\n",
      " 4.00000032e-01 1.70533892e-13]\n",
      "[1.70493689e-13 2.00000016e-01 3.99999921e-01 2.55816092e-13\n",
      " 4.00000064e-01 8.52822003e-14]\n",
      "[8.52720308e-14 2.00000032e-01 4.00000048e-01 1.27905623e-13\n",
      " 3.99999921e-01 4.26234222e-14]\n",
      "[4.26352075e-14 1.99999960e-01 3.99999992e-01 6.39414299e-14\n",
      " 4.00000048e-01 2.13180077e-14]\n",
      "[2.13138100e-14 2.00000024e-01 3.99999984e-01 3.19768096e-14\n",
      " 3.99999992e-01 1.06588019e-14]\n",
      "[1.06589365e-14 1.99999996e-01 4.00000020e-01 1.59872544e-14\n",
      " 3.99999984e-01 5.32845249e-15]\n",
      "[5.32908479e-15 1.99999992e-01 3.99999988e-01 7.99318662e-15\n",
      " 4.00000020e-01 2.66473413e-15]\n",
      "[2.66439554e-15 2.00000010e-01 4.00000002e-01 3.99700533e-15\n",
      " 3.99999988e-01 1.33227120e-15]\n",
      "[1.33233511e-15 1.99999994e-01 4.00000004e-01 1.99837008e-15\n",
      " 4.00000002e-01 6.66098885e-16]\n",
      "[6.66123361e-16 2.00000001e-01 3.99999995e-01 9.99182663e-16\n",
      " 4.00000004e-01 3.33083777e-16]\n",
      "[3.33060888e-16 2.00000002e-01 4.00000003e-01 4.99614618e-16\n",
      " 3.99999995e-01 1.66530840e-16]\n",
      "[1.66538206e-16 1.99999998e-01 4.00000000e-01 2.49796062e-16\n",
      " 4.00000003e-01 8.32652219e-17]\n",
      "[8.32653541e-17 2.00000001e-01 3.99999999e-01 1.24899773e-16\n",
      " 4.00000000e-01 4.16345515e-17]\n",
      "[4.16332578e-17 2.00000000e-01 4.00000001e-01 6.24508900e-17\n",
      " 3.99999999e-01 2.08163385e-17]\n",
      "[2.08169633e-17 2.00000000e-01 3.99999999e-01 3.12246530e-17\n",
      " 4.00000001e-01 1.04083144e-17]\n",
      "[1.04082177e-17 2.00000001e-01 4.00000000e-01 1.56125553e-17\n",
      " 3.99999999e-01 5.20424083e-18]\n",
      "[5.20418509e-18 2.00000000e-01 4.00000000e-01 7.80629525e-18\n",
      " 4.00000000e-01 2.60205441e-18]\n",
      "[2.60209842e-18 2.00000000e-01 4.00000000e-01 3.90310069e-18\n",
      " 4.00000000e-01 1.30104627e-18]\n",
      "[1.30103356e-18 2.00000000e-01 4.00000000e-01 1.95157088e-18\n",
      " 4.00000000e-01 6.50524604e-19]\n",
      "[6.50523626e-19 2.00000000e-01 4.00000000e-01 9.75782994e-19\n",
      " 4.00000000e-01 3.25258391e-19]\n",
      "[3.25260998e-19 2.00000000e-01 4.00000000e-01 4.87889297e-19\n",
      " 4.00000000e-01 1.62630906e-19]\n",
      "[1.62629766e-19 2.00000000e-01 4.00000000e-01 2.43946156e-19\n",
      " 4.00000000e-01 8.13152495e-20]\n",
      "[8.13153853e-20 2.00000000e-01 4.00000000e-01 1.21972691e-19\n",
      " 4.00000000e-01 4.06574414e-20]\n",
      "[4.06575636e-20 2.00000000e-01 4.00000000e-01 6.09862877e-20\n",
      " 4.00000000e-01 2.03288463e-20]\n",
      "[2.03287626e-20 2.00000000e-01 4.00000000e-01 3.04932372e-20\n",
      " 4.00000000e-01 1.01643909e-20]\n",
      "[1.01644124e-20 2.00000000e-01 4.00000000e-01 1.52465816e-20\n",
      " 4.00000000e-01 5.08219065e-21]\n",
      "[5.08219385e-21 2.00000000e-01 4.00000000e-01 7.62329375e-21\n",
      " 4.00000000e-01 2.54110310e-21]\n",
      "[2.54109792e-21 2.00000000e-01 4.00000000e-01 3.81165157e-21\n",
      " 4.00000000e-01 1.27054846e-21]\n",
      "[1.27055052e-21 2.00000000e-01 4.00000000e-01 1.90582294e-21\n",
      " 4.00000000e-01 6.35274479e-22]\n",
      "[6.35274314e-22 2.00000000e-01 4.00000000e-01 9.52912110e-22\n",
      " 4.00000000e-01 3.17637631e-22]\n",
      "[3.17637370e-22 2.00000000e-01 4.00000000e-01 4.76456209e-22\n",
      " 4.00000000e-01 1.58818579e-22]\n",
      "[1.58818736e-22 2.00000000e-01 4.00000000e-01 2.38227921e-22\n",
      " 4.00000000e-01 7.94093425e-23]\n",
      "[7.94093070e-23 2.00000000e-01 4.00000000e-01 1.19114027e-22\n",
      " 4.00000000e-01 3.97046841e-23]\n",
      "[3.97046755e-23 2.00000000e-01 4.00000000e-01 5.95570108e-23\n",
      " 4.00000000e-01 1.98523267e-23]\n",
      "[1.98523369e-23 2.00000000e-01 4.00000000e-01 2.97784956e-23\n",
      " 4.00000000e-01 9.92616888e-24]\n",
      "[9.92616521e-24 2.00000000e-01 4.00000000e-01 1.48892531e-23\n",
      " 4.00000000e-01 4.96308424e-24]\n",
      "[4.96308437e-24 2.00000000e-01 4.00000000e-01 7.44462554e-24\n",
      " 4.00000000e-01 2.48154130e-24]\n",
      "[2.48154185e-24 2.00000000e-01 4.00000000e-01 3.72231240e-24\n",
      " 4.00000000e-01 1.24077109e-24]\n",
      "[1.24077080e-24 2.00000000e-01 4.00000000e-01 1.86115655e-24\n",
      " 4.00000000e-01 6.20385462e-25]\n",
      "[6.20385518e-25 2.00000000e-01 4.00000000e-01 9.30578161e-25\n",
      " 4.00000000e-01 3.10192700e-25]\n",
      "[3.10192720e-25 2.00000000e-01 4.00000000e-01 4.65289079e-25\n",
      " 4.00000000e-01 1.55096380e-25]\n",
      "[1.55096360e-25 2.00000000e-01 4.00000000e-01 2.32644560e-25\n",
      " 4.00000000e-01 7.75481801e-26]\n",
      "[7.75481865e-26 2.00000000e-01 4.00000000e-01 1.16322270e-25\n",
      " 4.00000000e-01 3.87740899e-26]\n",
      "[3.87740900e-26 2.00000000e-01 4.00000000e-01 5.81611366e-26\n",
      " 4.00000000e-01 1.93870466e-26]\n",
      "[1.93870455e-26 2.00000000e-01 4.00000000e-01 2.90805691e-26\n",
      " 4.00000000e-01 9.69352250e-27]\n",
      "[9.69352305e-27 2.00000000e-01 4.00000000e-01 1.45402839e-26\n",
      " 4.00000000e-01 4.84676138e-27]\n",
      "[4.84676129e-27 2.00000000e-01 4.00000000e-01 7.27014214e-27\n",
      " 4.00000000e-01 2.42338076e-27]\n",
      "[2.42338071e-27 2.00000000e-01 4.00000000e-01 3.63507109e-27\n",
      " 4.00000000e-01 1.21169032e-27]\n",
      "[1.21169036e-27 2.00000000e-01 4.00000000e-01 1.81753550e-27\n",
      " 4.00000000e-01 6.05845179e-28]\n",
      "[6.05845167e-28 2.00000000e-01 4.00000000e-01 9.08767769e-28\n",
      " 4.00000000e-01 3.02922590e-28]\n",
      "[3.02922590e-28 2.00000000e-01 4.00000000e-01 4.54383882e-28\n",
      " 4.00000000e-01 1.51461292e-28]\n",
      "[1.51461294e-28 2.00000000e-01 4.00000000e-01 2.27191939e-28\n",
      " 4.00000000e-01 7.57306474e-29]\n",
      "[7.57306464e-29 2.00000000e-01 4.00000000e-01 1.13595971e-28\n",
      " 4.00000000e-01 3.78653235e-29]\n",
      "[3.78653236e-29 2.00000000e-01 4.00000000e-01 5.67979851e-29\n",
      " 4.00000000e-01 1.89326616e-29]\n",
      "[1.89326617e-29 2.00000000e-01 4.00000000e-01 2.83989925e-29\n",
      " 4.00000000e-01 9.46633091e-30]\n",
      "[9.46633084e-30 2.00000000e-01 4.00000000e-01 1.41994963e-29\n",
      " 4.00000000e-01 4.73316543e-30]\n",
      "[4.73316545e-30 2.00000000e-01 4.00000000e-01 7.09974814e-30\n",
      " 4.00000000e-01 2.36658271e-30]\n",
      "[2.36658271e-30 2.00000000e-01 4.00000000e-01 3.54987407e-30\n",
      " 4.00000000e-01 1.18329136e-30]\n",
      "[1.18329136e-30 2.00000000e-01 4.00000000e-01 1.77493704e-30\n",
      " 4.00000000e-01 5.91645678e-31]\n",
      "[5.91645680e-31 2.00000000e-01 4.00000000e-01 8.87468517e-31\n",
      " 4.00000000e-01 2.95822839e-31]\n",
      "[2.95822839e-31 2.00000000e-01 4.00000000e-01 4.43734259e-31\n",
      " 4.00000000e-01 1.47911420e-31]\n",
      "[1.47911420e-31 2.00000000e-01 4.00000000e-01 2.21867130e-31\n",
      " 4.00000000e-01 7.39557098e-32]\n",
      "*******************************************************************************************\n",
      "[0.07222222 0.13125    0.28472222 0.20208333 0.24930556 0.06041667]\n",
      "[0.08225694 0.14630208 0.29977431 0.09170139 0.33961806 0.04034722]\n",
      "[0.05098206 0.18681727 0.3196765  0.07677474 0.32326982 0.0424796 ]\n",
      "[0.04675284 0.17322336 0.3429372  0.07194135 0.32931156 0.03583369]\n",
      "[0.04538338 0.17489239 0.33258065 0.06539361 0.34681498 0.03493498]\n",
      "[0.04352819 0.18204034 0.33958309 0.0643387  0.33586571 0.03464397]\n",
      "[0.0432293  0.17699267 0.34070651 0.06369711 0.34112467 0.03424974]\n",
      "[0.04304752 0.17916421 0.33846927 0.06329851 0.34183428 0.03418623]\n",
      "[0.04293458 0.17942716 0.34050372 0.06320589 0.33978105 0.0341476 ]\n",
      "[0.04290834 0.17853054 0.33982837 0.06314906 0.3414601  0.0341236 ]\n",
      "[0.04289223 0.17923856 0.33976374 0.06312308 0.34086437 0.03411802]\n",
      "[0.04288487 0.17898196 0.34010501 0.06311492 0.34079865 0.0341146 ]\n",
      "[0.04288256 0.17895246 0.33985665 0.06311044 0.34108485 0.03411304]\n",
      "[0.04288129 0.17907361 0.33995195 0.06310862 0.34087199 0.03411254]\n",
      "[0.04288078 0.17898287 0.33996394 0.06310794 0.34095221 0.03411227]\n",
      "[0.04288058 0.17901685 0.33992071 0.0631076  0.34096209 0.03411217]\n",
      "[0.04288049 0.17902101 0.3399537  0.06310746 0.34092521 0.03411212]\n",
      "[0.04288045 0.17900532 0.33994152 0.06310741 0.3409532  0.0341121 ]\n",
      "[0.04288043 0.1790172  0.33994006 0.06310738 0.34094282 0.0341121 ]\n",
      "[0.04288043 0.17901279 0.33994575 0.06310737 0.34094157 0.03411209]\n",
      "[0.04288042 0.17901226 0.33994146 0.06310737 0.3409464  0.03411209]\n",
      "[0.04288042 0.17901431 0.33994306 0.06310737 0.34094275 0.03411209]\n",
      "[0.04288042 0.17901276 0.33994325 0.06310737 0.34094411 0.03411209]\n",
      "[0.04288042 0.17901334 0.33994251 0.06310737 0.34094428 0.03411209]\n",
      "[0.04288042 0.17901341 0.33994307 0.06310737 0.34094365 0.03411209]\n",
      "[0.04288042 0.17901314 0.33994287 0.06310737 0.34094412 0.03411209]\n",
      "[0.04288042 0.17901334 0.33994284 0.06310737 0.34094394 0.03411209]\n",
      "[0.04288042 0.17901327 0.33994294 0.06310737 0.34094392 0.03411209]\n",
      "[0.04288042 0.17901326 0.33994286 0.06310737 0.34094401 0.03411209]\n",
      "[0.04288042 0.17901329 0.33994289 0.06310737 0.34094394 0.03411209]\n",
      "[0.04288042 0.17901327 0.33994289 0.06310737 0.34094397 0.03411209]\n",
      "[0.04288042 0.17901327 0.33994288 0.06310737 0.34094397 0.03411209]\n",
      "[0.04288042 0.17901328 0.33994289 0.06310737 0.34094396 0.03411209]\n",
      "[0.04288042 0.17901327 0.33994289 0.06310737 0.34094397 0.03411209]\n",
      "[0.04288042 0.17901328 0.33994289 0.06310737 0.34094396 0.03411209]\n",
      "[0.04288042 0.17901327 0.33994289 0.06310737 0.34094396 0.03411209]\n",
      "[0.04288042 0.17901327 0.33994289 0.06310737 0.34094396 0.03411209]\n",
      "[0.04288042 0.17901327 0.33994289 0.06310737 0.34094396 0.03411209]\n",
      "[0.04288042 0.17901327 0.33994289 0.06310737 0.34094396 0.03411209]\n",
      "[0.04288042 0.17901327 0.33994289 0.06310737 0.34094396 0.03411209]\n",
      "[0.04288042 0.17901327 0.33994289 0.06310737 0.34094396 0.03411209]\n",
      "[0.04288042 0.17901327 0.33994289 0.06310737 0.34094396 0.03411209]\n",
      "[0.04288042 0.17901327 0.33994289 0.06310737 0.34094396 0.03411209]\n",
      "[0.04288042 0.17901327 0.33994289 0.06310737 0.34094396 0.03411209]\n",
      "[0.04288042 0.17901327 0.33994289 0.06310737 0.34094396 0.03411209]\n",
      "[0.04288042 0.17901327 0.33994289 0.06310737 0.34094396 0.03411209]\n",
      "[0.04288042 0.17901327 0.33994289 0.06310737 0.34094396 0.03411209]\n",
      "[0.04288042 0.17901327 0.33994289 0.06310737 0.34094396 0.03411209]\n",
      "[0.04288042 0.17901327 0.33994289 0.06310737 0.34094396 0.03411209]\n",
      "[0.04288042 0.17901327 0.33994289 0.06310737 0.34094396 0.03411209]\n",
      "[0.04288042 0.17901327 0.33994289 0.06310737 0.34094396 0.03411209]\n",
      "[0.04288042 0.17901327 0.33994289 0.06310737 0.34094396 0.03411209]\n",
      "[0.04288042 0.17901327 0.33994289 0.06310737 0.34094396 0.03411209]\n",
      "[0.04288042 0.17901327 0.33994289 0.06310737 0.34094396 0.03411209]\n",
      "[0.04288042 0.17901327 0.33994289 0.06310737 0.34094396 0.03411209]\n",
      "[0.04288042 0.17901327 0.33994289 0.06310737 0.34094396 0.03411209]\n",
      "[0.04288042 0.17901327 0.33994289 0.06310737 0.34094396 0.03411209]\n",
      "[0.04288042 0.17901327 0.33994289 0.06310737 0.34094396 0.03411209]\n",
      "[0.04288042 0.17901327 0.33994289 0.06310737 0.34094396 0.03411209]\n",
      "[0.04288042 0.17901327 0.33994289 0.06310737 0.34094396 0.03411209]\n",
      "[0.04288042 0.17901327 0.33994289 0.06310737 0.34094396 0.03411209]\n",
      "[0.04288042 0.17901327 0.33994289 0.06310737 0.34094396 0.03411209]\n",
      "[0.04288042 0.17901327 0.33994289 0.06310737 0.34094396 0.03411209]\n",
      "[0.04288042 0.17901327 0.33994289 0.06310737 0.34094396 0.03411209]\n",
      "[0.04288042 0.17901327 0.33994289 0.06310737 0.34094396 0.03411209]\n",
      "[0.04288042 0.17901327 0.33994289 0.06310737 0.34094396 0.03411209]\n",
      "[0.04288042 0.17901327 0.33994289 0.06310737 0.34094396 0.03411209]\n",
      "[0.04288042 0.17901327 0.33994289 0.06310737 0.34094396 0.03411209]\n",
      "[0.04288042 0.17901327 0.33994289 0.06310737 0.34094396 0.03411209]\n",
      "[0.04288042 0.17901327 0.33994289 0.06310737 0.34094396 0.03411209]\n",
      "[0.04288042 0.17901327 0.33994289 0.06310737 0.34094396 0.03411209]\n",
      "[0.04288042 0.17901327 0.33994289 0.06310737 0.34094396 0.03411209]\n",
      "[0.04288042 0.17901327 0.33994289 0.06310737 0.34094396 0.03411209]\n",
      "[0.04288042 0.17901327 0.33994289 0.06310737 0.34094396 0.03411209]\n",
      "[0.04288042 0.17901327 0.33994289 0.06310737 0.34094396 0.03411209]\n",
      "[0.04288042 0.17901327 0.33994289 0.06310737 0.34094396 0.03411209]\n",
      "[0.04288042 0.17901327 0.33994289 0.06310737 0.34094396 0.03411209]\n",
      "[0.04288042 0.17901327 0.33994289 0.06310737 0.34094396 0.03411209]\n",
      "[0.04288042 0.17901327 0.33994289 0.06310737 0.34094396 0.03411209]\n",
      "[0.04288042 0.17901327 0.33994289 0.06310737 0.34094396 0.03411209]\n",
      "[0.04288042 0.17901327 0.33994289 0.06310737 0.34094396 0.03411209]\n",
      "[0.04288042 0.17901327 0.33994289 0.06310737 0.34094396 0.03411209]\n",
      "[0.04288042 0.17901327 0.33994289 0.06310737 0.34094396 0.03411209]\n",
      "[0.04288042 0.17901327 0.33994289 0.06310737 0.34094396 0.03411209]\n",
      "[0.04288042 0.17901327 0.33994289 0.06310737 0.34094396 0.03411209]\n",
      "[0.04288042 0.17901327 0.33994289 0.06310737 0.34094396 0.03411209]\n",
      "[0.04288042 0.17901327 0.33994289 0.06310737 0.34094396 0.03411209]\n",
      "[0.04288042 0.17901327 0.33994289 0.06310737 0.34094396 0.03411209]\n",
      "[0.04288042 0.17901327 0.33994289 0.06310737 0.34094396 0.03411209]\n",
      "[0.04288042 0.17901327 0.33994289 0.06310737 0.34094396 0.03411209]\n",
      "[0.04288042 0.17901327 0.33994289 0.06310737 0.34094396 0.03411209]\n",
      "[0.04288042 0.17901327 0.33994289 0.06310737 0.34094396 0.03411209]\n",
      "[0.04288042 0.17901327 0.33994289 0.06310737 0.34094396 0.03411209]\n",
      "[0.04288042 0.17901327 0.33994289 0.06310737 0.34094396 0.03411209]\n",
      "[0.04288042 0.17901327 0.33994289 0.06310737 0.34094396 0.03411209]\n",
      "[0.04288042 0.17901327 0.33994289 0.06310737 0.34094396 0.03411209]\n",
      "[0.04288042 0.17901327 0.33994289 0.06310737 0.34094396 0.03411209]\n",
      "[0.04288042 0.17901327 0.33994289 0.06310737 0.34094396 0.03411209]\n",
      "[0.04288042 0.17901327 0.33994289 0.06310737 0.34094396 0.03411209]\n",
      "[0.04288042 0.17901327 0.33994289 0.06310737 0.34094396 0.03411209]\n"
     ]
    }
   ],
   "source": [
    "#使用Python模拟下面的PageRank计算过程，求每个节点的影响力（迭代100次）\n",
    "import numpy as np\n",
    "\n",
    "a = np.array([[0, 0, 0, 1/3, 0, 0], \n",
    "            [1/4, 0, 0, 0, 1/2, 0],\n",
    "            [0, 1, 0, 1/3, 1/2, 0],\n",
    "            [1/4, 0, 0, 0, 0, 1],\n",
    "            [1/4, 0, 1, 1/3, 0, 0],\n",
    "            [1/4, 0, 0, 0, 0, 0]])\n",
    "\n",
    "b = np.array([1/6, 1/6, 1/6, 1/6, 1/6, 1/6])\n",
    "w = b\n",
    "\n",
    "def work(a, w):\n",
    "    for i in range(100):\n",
    "        w = np.dot(a, w)\n",
    "        print(w)\n",
    "\n",
    "def random_work(a, w, n):\n",
    "    d = 0.85\n",
    "    for i in range(100):\n",
    "        w = (1-d)/n + d*np.dot(a, w)\n",
    "        print(w)\n",
    "work(a, w)  \n",
    "print('*******************************************************************************************')\n",
    "random_work(a, w, 6)"
   ]
  },
  {
   "cell_type": "code",
   "execution_count": 8,
   "metadata": {},
   "outputs": [
    {
     "name": "stderr",
     "output_type": "stream",
     "text": [
      "Building prefix dict from the default dictionary ...\n",
      "Dumping model to file cache C:\\Users\\yczwx\\AppData\\Local\\Temp\\jieba.cache\n",
      "Loading model cost 0.784 seconds.\n",
      "Prefix dict has been built succesfully.\n"
     ]
    },
    {
     "name": "stdout",
     "output_type": "stream",
     "text": [
      "关键词：\n",
      "土耳其 0.04069520917096793\n",
      "美国 0.0369142527418084\n",
      "说 0.02446922676052611\n",
      "没有 0.023786570392058257\n",
      "袭击 0.017700149279091273\n",
      "特种部队 0.017412575896103233\n",
      "炮击 0.017115219350455936\n",
      "遭到 0.016625479650103248\n",
      "报道 0.01588545076733542\n",
      "进行 0.015360109277853728\n",
      "官员 0.01289429340340466\n",
      "新闻周刊 0.0124159192792039\n",
      "军队 0.012101622809814312\n",
      "炮弹 0.011975939251251714\n",
      "还击 0.011652728049471862\n",
      "观察哨 0.011553223050069785\n",
      "边境 0.01152755141124453\n",
      "城市 0.01117250958722105\n",
      "科巴 0.01117250958722105\n",
      "山丘 0.01117250958722105\n",
      "摘要：\n",
      "2 0.08591468923918809 五角大楼一名高级官员说，土耳其军队的炮击非常猛烈，美国人员曾考虑进行还击是出于自卫\n",
      "5 0.0783434449568913 《新闻周刊》此前曾在周三报道说，目前美国军队的交战规则仍然以自卫为中心，五角大楼还没有发布全面撤出叙利亚的命令\n",
      "6 0.07572455879841139 这名五角大楼官员说，土耳其部队应该了解美国的位置，不过，这名官员没有具体说明在场人员的确切人数，但表示大约在15到100人之间\n"
     ]
    }
   ],
   "source": [
    "from textrank4zh import TextRank4Keyword, TextRank4Sentence\n",
    "\n",
    "\n",
    "text = '''土耳其未炮击美军 土耳其向美军开战\n",
    "当地时间11日，一支美国特种部队遭到了土耳其的炮弹袭击，《新闻周刊》称这明显是“误伤”。五角大楼一名高级官员说，土耳其军队的炮击非常猛烈，美国人员曾考虑进行还击是出于自卫。\n",
    "《新闻周刊》10月11日报道，一名库尔德情报官员和五角大楼官员均表示，在库尔德人占多数的城市科巴尼的山上，这支特种部队在执行任务时遭到炮击，炮弹落在离驻扎地几百米远的地方，没有美国士兵受伤。\n",
    "报道称，特种部队没有还击，而是在炮击停止后撤退。《新闻周刊》此前曾在周三报道说，目前美国军队的交战规则仍然以自卫为中心，五角大楼还没有发布全面撤出叙利亚的命令。\n",
    "这名五角大楼官员说，土耳其部队应该了解美国的位置，不过，这名官员没有具体说明在场人员的确切人数，但表示大约在15到100人之间。《新闻周刊》已联系五角大楼就此事发表评论。\n",
    "土耳其国防部针对《新闻周刊》的报道发表了一份声明，否认土耳其军队针对美国军队。土耳其国防部证实说，“土耳其在苏鲁奇以南的边境哨所，受到了来自美国一个观察哨西南方向大约1千米处山丘的迫击炮攻击。”\n",
    "为了自卫，双方对袭击的恐怖分子阵地进行了还击。土耳其没有以任何方式向美国观察哨开火。他说：所有的预防措施都是在开火之前采取的，目的是防止对美军基地造成任何伤害。作为预防措施，我们在收到来自美国的信息后立即停火。我们坚决反对美国或联军部队遭到袭击的说法。\n",
    "特朗普周四曾在社交媒体上表示，他有“三种选择之一：派遣数千名士兵并在军事上取胜，在经济上对土耳其进行严厉打击并实施制裁，或者在土耳其和库尔德人之间斡旋达成协议”\n",
    "土耳其总统埃尔多安早就警告说，他将猛攻边境，建立一个所谓的“安全区”。白宫周日宣布，美国军队将在一旁待命。'''\n",
    "\n",
    "# 输出关键词，设置文本小写，窗口为2\n",
    "tr4w = TextRank4Keyword()\n",
    "tr4w.analyze(text=text, lower=True, window=2)\n",
    "print('关键词：')\n",
    "for item in tr4w.get_keywords(20, word_min_len=1):\n",
    "    print(item.word, item.weight)\n",
    "\n",
    "# 输出重要的句子\n",
    "tr4s = TextRank4Sentence()\n",
    "tr4s.analyze(text=text, lower=True, source = 'all_filters')\n",
    "print('摘要：')\n",
    "# 重要性较高的三个句子\n",
    "for item in tr4s.get_key_sentences(num=3):\n",
    "\t# index是语句在文本中位置，weight表示权重\n",
    "    print(item.index, item.weight, item.sentence)"
   ]
  },
  {
   "cell_type": "code",
   "execution_count": 11,
   "metadata": {},
   "outputs": [
    {
     "name": "stdout",
     "output_type": "stream",
     "text": [
      "土耳其 未 炮击 美军   土耳其 向 美军 开战 \n",
      " 当地 时间 11 日 ， 一支 美国 特种部队 遭到 了 土耳其 的 炮弹 袭击 ， 《 新闻周刊 》 称 这 明显 是 “ 误伤 ” 。 五角大楼 一名 高级官员 说 ， 土耳其 军队 的 炮击 非常 猛烈 ， 美国 人员 曾 考虑 进行 还击 是 出于 自卫 。 \n",
      " 《 新闻周刊 》 10 月 11 日 报道 ， 一名 库尔德 情报 官员 和 五角大楼 官员 均 表示 ， 在 库尔德人 占多数 的 城市 科巴 尼 的 山上 ， 这支 特种部队 在 执行 任务 时 遭到 炮击 ， 炮弹 落 在 离 驻扎地 几百米 远 的 地方 ， 没有 美国士兵 受伤 。 \n",
      " 报道 称 ， 特种部队 没有 还击 ， 而是 在 炮击 停止 后 撤退 。 《 新闻周刊 》 此前 曾 在 周三 报道 说 ， 目前 美国 军队 的 交战 规则 仍然 以 自卫 为 中心 ， 五角大楼 还 没有 发布 全面 撤出 叙利亚 的 命令 。 \n",
      " 这名 五角大楼 官员 说 ， 土耳其 部队 应该 了解 美国 的 位置 ， 不过 ， 这名 官员 没有 具体 说明 在场 人员 的 确切 人数 ， 但 表示 大约 在 15 到 100 人 之间 。 《 新闻周刊 》 已 联系 五角大楼 就 此事 发表 评论 。 \n",
      " 土耳其 国防部 针对 《 新闻周刊 》 的 报道 发表 了 一份 声明 ， 否认 土耳其 军队 针对 美国 军队 。 土耳其 国防部 证实 说 ， “ 土耳其 在 苏鲁 奇 以南 的 边境 哨所 ， 受到 了 来自 美国 一个 观察哨 西南 方向 大约 1 千米 处 山丘 的 迫击炮 攻击 。 ” \n",
      " 为了 自卫 ， 双方 对 袭击 的 恐怖分子 阵地 进行 了 还击 。 土耳其 没有 以 任何 方式 向 美国 观察哨 开火 。 他 说 ： 所有 的 预防措施 都 是 在 开火 之前 采取 的 ， 目的 是 防止 对 美军基地 造成 任何 伤害 。 作为 预防措施 ， 我们 在 收到 来自 美国 的 信息 后 立即 停火 。 我们 坚决 反对 美国 或 联军部队 遭到 袭击 的 说法 。 \n",
      " 特朗普 周四 曾 在 社交 媒体 上 表示 ， 他 有 “ 三种 选择 之一 ： 派遣 数千名 士兵 并 在 军事 上 取胜 ， 在经济上 对 土耳其 进行 严厉打击 并 实施 制裁 ， 或者 在 土耳其 和 库尔德人 之间 斡旋 达成协议 ” \n",
      " 土耳其 总统 埃 尔多 安 早就 警告 说 ， 他 将 猛攻 边境 ， 建立 一个 所谓 的 “ 安全区 ” 。 白宫 周日 宣布 ， 美国 军队 将 在 一旁 待命 。\n",
      "土耳其 1.006129332567396\n",
      "五角大楼 0.5606866372916666\n",
      "新闻周刊 0.5073851337822917\n",
      "美国 0.43297877413124997\n",
      "军队 0.2968952808171875\n",
      "特种部队 0.2904846083121875\n",
      "观察哨 0.28959745108333335\n",
      "官员 0.24290714846624997\n",
      "预防措施 0.19830522952708332\n",
      "炮弹 0.15875587110458333\n",
      "边境 0.15126670454479166\n",
      "特朗普 0.14479872554166667\n",
      "科巴 0.12803374728645833\n",
      "苏鲁 0.126134564403125\n",
      "驻扎地 0.12452882815520833\n",
      "美军基地 0.12191096952708334\n",
      "人员 0.11647918241645833\n",
      "哨所 0.11260036665208334\n",
      "恐怖分子 0.10806580341041666\n",
      "待命 0.09928364374489583\n",
      "----------------------------------------------------------------------------------------------------\n",
      "[('土耳其', 1.0), ('美国', 0.8038382829434897), ('军队', 0.5903294101215214), ('五角大楼', 0.4846378897004636), ('官员', 0.38928874028103805), ('恐怖分子', 0.3083784370442286), ('观察哨', 0.23451542101555936), ('新闻周刊', 0.21415515921194353), ('科巴', 0.21011945571123958), ('迫击炮', 0.21011945571123958), ('美军基地', 0.21011945571123958), ('社交', 0.21011945571123958), ('士兵', 0.21011945571123958), ('城市', 0.2086078662954781), ('山丘', 0.2086078662954781), ('目的', 0.2086078662954781), ('媒体', 0.2086078662954781), ('军事', 0.2086078662954781), ('全面', 0.2057943776287129), ('边境', 0.19524373508320458)]\n",
      "土耳其 1.0\n",
      "美国 0.8038382829434897\n",
      "军队 0.5903294101215214\n",
      "五角大楼 0.4846378897004636\n",
      "官员 0.38928874028103805\n",
      "恐怖分子 0.3083784370442286\n",
      "观察哨 0.23451542101555936\n",
      "新闻周刊 0.21415515921194353\n",
      "科巴 0.21011945571123958\n",
      "迫击炮 0.21011945571123958\n",
      "美军基地 0.21011945571123958\n",
      "社交 0.21011945571123958\n",
      "士兵 0.21011945571123958\n",
      "城市 0.2086078662954781\n",
      "山丘 0.2086078662954781\n",
      "目的 0.2086078662954781\n",
      "媒体 0.2086078662954781\n",
      "军事 0.2086078662954781\n",
      "全面 0.2057943776287129\n",
      "边境 0.19524373508320458\n"
     ]
    }
   ],
   "source": [
    "import jieba\n",
    "import jieba.analyse\n",
    "import jieba.posseg as pseg\n",
    "\n",
    "sentence = '''土耳其未炮击美军 土耳其向美军开战\n",
    "当地时间11日，一支美国特种部队遭到了土耳其的炮弹袭击，《新闻周刊》称这明显是“误伤”。五角大楼一名高级官员说，土耳其军队的炮击非常猛烈，美国人员曾考虑进行还击是出于自卫。\n",
    "《新闻周刊》10月11日报道，一名库尔德情报官员和五角大楼官员均表示，在库尔德人占多数的城市科巴尼的山上，这支特种部队在执行任务时遭到炮击，炮弹落在离驻扎地几百米远的地方，没有美国士兵受伤。\n",
    "报道称，特种部队没有还击，而是在炮击停止后撤退。《新闻周刊》此前曾在周三报道说，目前美国军队的交战规则仍然以自卫为中心，五角大楼还没有发布全面撤出叙利亚的命令。\n",
    "这名五角大楼官员说，土耳其部队应该了解美国的位置，不过，这名官员没有具体说明在场人员的确切人数，但表示大约在15到100人之间。《新闻周刊》已联系五角大楼就此事发表评论。\n",
    "土耳其国防部针对《新闻周刊》的报道发表了一份声明，否认土耳其军队针对美国军队。土耳其国防部证实说，“土耳其在苏鲁奇以南的边境哨所，受到了来自美国一个观察哨西南方向大约1千米处山丘的迫击炮攻击。”\n",
    "为了自卫，双方对袭击的恐怖分子阵地进行了还击。土耳其没有以任何方式向美国观察哨开火。他说：所有的预防措施都是在开火之前采取的，目的是防止对美军基地造成任何伤害。作为预防措施，我们在收到来自美国的信息后立即停火。我们坚决反对美国或联军部队遭到袭击的说法。\n",
    "特朗普周四曾在社交媒体上表示，他有“三种选择之一：派遣数千名士兵并在军事上取胜，在经济上对土耳其进行严厉打击并实施制裁，或者在土耳其和库尔德人之间斡旋达成协议”\n",
    "土耳其总统埃尔多安早就警告说，他将猛攻边境，建立一个所谓的“安全区”。白宫周日宣布，美国军队将在一旁待命。'''\n",
    "\n",
    "# 获取分词\n",
    "seg_list = jieba.cut(sentence, cut_all=False)\n",
    "print(' '.join(seg_list))\n",
    "\n",
    "'''# 获取分词和词性\n",
    "words = pseg.cut(sentence)\n",
    "for word, flag in words:\n",
    "\tprint('%s, %s' % (word, flag))'''\n",
    "\n",
    "\n",
    "\n",
    "# 通过TF-IDF获取关键词\n",
    "keywords = jieba.analyse.extract_tags(sentence, topK=20, withWeight=True, allowPOS=('n','nr','ns'))\n",
    "for item in keywords:\n",
    "    print(item[0],item[1])\n",
    "print('-'*100)\n",
    "\n",
    "# 基于TextRank算法的关键词抽取\n",
    "keywords = jieba.analyse.textrank(sentence, topK=20, withWeight=True, allowPOS=('n', 'ns')) \n",
    "\n",
    "print(keywords)\n",
    "for item in keywords:\n",
    "    print(item[0],item[1])"
   ]
  }
 ],
 "metadata": {
  "kernelspec": {
   "display_name": "Python 3",
   "language": "python",
   "name": "python3"
  },
  "language_info": {
   "codemirror_mode": {
    "name": "ipython",
    "version": 3
   },
   "file_extension": ".py",
   "mimetype": "text/x-python",
   "name": "python",
   "nbconvert_exporter": "python",
   "pygments_lexer": "ipython3",
   "version": "3.6.9"
  }
 },
 "nbformat": 4,
 "nbformat_minor": 2
}
